((0, 0), (64, 64, 64))
((0, 1), (64, 64, 64))
((0, 2), (64, 64, 64))
((0, 3), (64, 64, 64))
((0, 4), (64, 64, 64))
((0, 5), (64, 64, 64))
((0, 6), (64, 64, 64))
((0, 7), (64, 64, 64))
((0, 8), (64, 64, 64))
((0, 9), (64, 64, 64))
((0, 10), (64, 64, 64))
((0, 11), (64, 64, 64))
((0, 12), (64, 64, 64))
((0, 13), (64, 64, 64))
((0, 14), (64, 64, 64))
((0, 15), (64, 64, 64))
((0, 16), (64, 64, 64))
((0, 17), (64, 64, 64))
((0, 18), (64, 64, 64))
((0, 19), (64, 64, 64))
((0, 20), (64, 64, 64))
((0, 21), (64, 64, 64))
((0, 22), (64, 64, 64))
((0, 23), (64, 64, 64))
((0, 24), (64, 64, 64))
((0, 25), (64, 64, 64))
((0, 26), (64, 64, 64))
((0, 27), (64, 64, 64))
((0, 28), (64, 64, 64))
((0, 29), (64, 64, 64))
((0, 30), (64, 64, 64))
((0, 31), (64, 64, 64))
((0, 32), (64, 64, 64))
((0, 33), (64, 64, 64))
((0, 34), (64, 64, 64))
((0, 35), (64, 64, 64))
((0, 36), (64, 64, 64))
((0, 37), (64, 64, 64))
((0, 38), (64, 64, 64))
((0, 39), (64, 64, 64))
((0, 40), (64, 64, 64))
((0, 41), (64, 64, 64))
((1, 0), (64, 64, 64))
((1, 1), (128, 128, 128))
((1, 2), (128, 128, 128))
((1, 3), (128, 128, 128))
((1, 4), (128, 128, 128))
((1, 5), (128, 128, 128))
((1, 6), (128, 128, 128))
((1, 7), (128, 128, 128))
((1, 8), (128, 128, 128))
((1, 9), (128, 128, 128))
((1, 10), (128, 128, 128))
((1, 11), (128, 128, 128))
((1, 12), (128, 128, 128))
((1, 13), (128, 128, 128))
((1, 14), (128, 128, 128))
((1, 15), (64, 64, 64))
((1, 16), (128, 128, 128))
((1, 17), (128, 128, 128))
((1, 18), (128, 128, 128))
((1, 19), (128, 128, 128))
((1, 20), (128, 128, 128))
((1, 21), (128, 128, 128))
((1, 22), (128, 128, 128))
((1, 23), (128, 128, 128))
((1, 24), (128, 128, 128))
((1, 25), (128, 128, 128))
((1, 26), (128, 128, 128))
((1, 27), (128, 128, 128))
((1, 28), (64, 64, 64))
((1, 29), (128, 128, 128))
((1, 30), (128, 128, 128))
((1, 31), (0, 0, 255))
((1, 32), (0, 0, 255))
((1, 33), (128, 128, 128))
((1, 34), (128, 128, 128))
((1, 35), (128, 128, 128))
((1, 36), (128, 128, 128))
((1, 37), (128, 128, 128))
((1, 38), (128, 128, 128))
((1, 39), (128, 128, 128))
((1, 40), (128, 128, 128))
((1, 41), (64, 64, 64))
((2, 0), (64, 64, 64))
((2, 1), (128, 128, 128))
((2, 2), (128, 128, 128))
((2, 3), (255, 0, 0))
((2, 4), (255, 0, 0))
((2, 5), (255, 0, 0))
((2, 6), (0, 0, 255))
((2, 7), (128, 128, 128))
((2, 8), (0, 0, 255))
((2, 9), (255, 0, 0))
((2, 10), (255, 0, 0))
((2, 11), (255, 0, 0))
((2, 12), (255, 0, 0))
((2, 13), (255, 0, 0))
((2, 14), (128, 128, 128))
((2, 15), (255, 165, 0))
((2, 16), (128, 128, 128))
((2, 17), (128, 128, 128))
((2, 18), (128, 128, 128))
((2, 19), (128, 128, 128))
((2, 20), (128, 128, 128))
((2, 21), (128, 128, 128))
((2, 22), (128, 128, 128))
((2, 23), (128, 128, 128))
((2, 24), (128, 128, 128))
((2, 25), (128, 128, 128))
((2, 26), (128, 128, 128))
((2, 27), (128, 128, 128))
((2, 28), (64, 64, 64))
((2, 29), (128, 128, 128))
((2, 30), (128, 128, 128))
((2, 31), (0, 0, 255))
((2, 32), (0, 0, 255))
((2, 33), (128, 128, 128))
((2, 34), (128, 128, 128))
((2, 35), (64, 64, 64))
((2, 36), (255, 0, 0))
((2, 37), (255, 0, 0))
((2, 38), (255, 0, 0))
((2, 39), (128, 128, 128))
((2, 40), (128, 128, 128))
((2, 41), (64, 64, 64))
((3, 0), (64, 64, 64))
((3, 1), (128, 128, 128))
((3, 2), (128, 128, 128))
((3, 3), (255, 0, 0))
((3, 4), (255, 0, 0))
((3, 5), (255, 0, 0))
((3, 6), (128, 128, 128))
((3, 7), (128, 128, 128))
((3, 8), (0, 0, 255))
((3, 9), (255, 0, 0))
((3, 10), (255, 0, 0))
((3, 11), (255, 0, 0))
((3, 12), (255, 0, 0))
((3, 13), (255, 0, 0))
((3, 14), (0, 0, 255))
((3, 15), (64, 64, 64))
((3, 16), (128, 128, 128))
((3, 17), (128, 128, 128))
((3, 18), (128, 128, 128))
((3, 19), (128, 128, 128))
((3, 20), (128, 128, 128))
((3, 21), (128, 128, 128))
((3, 22), (128, 128, 128))
((3, 23), (128, 128, 128))
((3, 24), (128, 128, 128))
((3, 25), (128, 128, 128))
((3, 26), (128, 128, 128))
((3, 27), (128, 128, 128))
((3, 28), (64, 64, 64))
((3, 29), (128, 128, 128))
((3, 30), (128, 128, 128))
((3, 31), (0, 0, 255))
((3, 32), (0, 0, 255))
((3, 33), (128, 128, 128))
((3, 34), (128, 128, 128))
((3, 35), (64, 64, 64))
((3, 36), (255, 0, 0))
((3, 37), (255, 0, 0))
((3, 38), (255, 0, 0))
((3, 39), (128, 128, 128))
((3, 40), (128, 128, 128))
((3, 41), (64, 64, 64))
((4, 0), (64, 64, 64))
((4, 1), (128, 128, 128))
((4, 2), (128, 128, 128))
((4, 3), (255, 0, 0))
((4, 4), (255, 0, 0))
((4, 5), (255, 0, 0))
((4, 6), (128, 128, 128))
((4, 7), (0, 0, 255))
((4, 8), (0, 0, 255))
((4, 9), (255, 0, 0))
((4, 10), (255, 0, 0))
((4, 11), (255, 0, 0))
((4, 12), (255, 0, 0))
((4, 13), (255, 0, 0))
((4, 14), (0, 0, 255))
((4, 15), (64, 64, 64))
((4, 16), (128, 128, 128))
((4, 17), (128, 128, 128))
((4, 18), (128, 128, 128))
((4, 19), (128, 128, 128))
((4, 20), (255, 0, 0))
((4, 21), (255, 0, 0))
((4, 22), (255, 0, 0))
((4, 23), (128, 128, 128))
((4, 24), (128, 128, 128))
((4, 25), (128, 128, 128))
((4, 26), (128, 128, 128))
((4, 27), (128, 128, 128))
((4, 28), (64, 64, 64))
((4, 29), (128, 128, 128))
((4, 30), (128, 128, 128))
((4, 31), (0, 0, 255))
((4, 32), (0, 0, 255))
((4, 33), (128, 128, 128))
((4, 34), (128, 128, 128))
((4, 35), (64, 64, 64))
((4, 36), (255, 0, 0))
((4, 37), (255, 0, 0))
((4, 38), (255, 0, 0))
((4, 39), (128, 128, 128))
((4, 40), (128, 128, 128))
((4, 41), (64, 64, 64))
((5, 0), (64, 64, 64))
((5, 1), (128, 128, 128))
((5, 2), (128, 128, 128))
((5, 3), (255, 0, 0))
((5, 4), (255, 0, 0))
((5, 5), (255, 0, 0))
((5, 6), (128, 128, 128))
((5, 7), (128, 128, 128))
((5, 8), (128, 128, 128))
((5, 9), (128, 128, 128))
((5, 10), (128, 128, 128))
((5, 11), (128, 128, 128))
((5, 12), (128, 128, 128))
((5, 13), (128, 128, 128))
((5, 14), (0, 0, 255))
((5, 15), (64, 64, 64))
((5, 16), (0, 0, 255))
((5, 17), (0, 0, 255))
((5, 18), (0, 0, 255))
((5, 19), (128, 128, 128))
((5, 20), (255, 0, 0))
((5, 21), (255, 0, 0))
((5, 22), (255, 0, 0))
((5, 23), (128, 128, 128))
((5, 24), (128, 128, 128))
((5, 25), (128, 128, 128))
((5, 26), (128, 128, 128))
((5, 27), (128, 128, 128))
((5, 28), (64, 64, 64))
((5, 29), (128, 128, 128))
((5, 30), (128, 128, 128))
((5, 31), (0, 0, 255))
((5, 32), (0, 0, 255))
((5, 33), (128, 128, 128))
((5, 34), (128, 128, 128))
((5, 35), (64, 64, 64))
((5, 36), (255, 0, 0))
((5, 37), (255, 0, 0))
((5, 38), (255, 0, 0))
((5, 39), (128, 128, 128))
((5, 40), (128, 128, 128))
((5, 41), (64, 64, 64))
((6, 0), (64, 64, 64))
((6, 1), (128, 128, 128))
((6, 2), (128, 128, 128))
((6, 3), (255, 0, 0))
((6, 4), (255, 0, 0))
((6, 5), (255, 0, 0))
((6, 6), (128, 128, 128))
((6, 7), (128, 128, 128))
((6, 8), (128, 128, 128))
((6, 9), (255, 0, 0))
((6, 10), (255, 0, 0))
((6, 11), (128, 128, 128))
((6, 12), (128, 128, 128))
((6, 13), (128, 128, 128))
((6, 14), (128, 128, 128))
((6, 15), (64, 64, 64))
((6, 16), (0, 0, 255))
((6, 17), (0, 0, 255))
((6, 18), (0, 0, 255))
((6, 19), (128, 128, 128))
((6, 20), (255, 0, 0))
((6, 21), (255, 0, 0))
((6, 22), (255, 0, 0))
((6, 23), (128, 128, 128))
((6, 24), (128, 128, 128))
((6, 25), (128, 128, 128))
((6, 26), (128, 128, 128))
((6, 27), (128, 128, 128))
((6, 28), (64, 64, 64))
((6, 29), (0, 0, 255))
((6, 30), (128, 128, 128))
((6, 31), (128, 128, 128))
((6, 32), (128, 128, 128))
((6, 33), (128, 128, 128))
((6, 34), (128, 128, 128))
((6, 35), (64, 64, 64))
((6, 36), (128, 128, 128))
((6, 37), (128, 128, 128))
((6, 38), (128, 128, 128))
((6, 39), (128, 128, 128))
((6, 40), (128, 128, 128))
((6, 41), (64, 64, 64))
((7, 0), (64, 64, 64))
((7, 1), (128, 128, 128))
((7, 2), (128, 128, 128))
((7, 3), (128, 128, 128))
((7, 4), (128, 128, 128))
((7, 5), (128, 128, 128))
((7, 6), (128, 128, 128))
((7, 7), (128, 128, 128))
((7, 8), (128, 128, 128))
((7, 9), (255, 0, 0))
((7, 10), (255, 0, 0))
((7, 11), (128, 128, 128))
((7, 12), (128, 128, 128))
((7, 13), (128, 128, 128))
((7, 14), (128, 128, 128))
((7, 15), (64, 64, 64))
((7, 16), (0, 0, 255))
((7, 17), (0, 0, 255))
((7, 18), (0, 0, 255))
((7, 19), (128, 128, 128))
((7, 20), (255, 0, 0))
((7, 21), (255, 0, 0))
((7, 22), (255, 0, 0))
((7, 23), (128, 128, 128))
((7, 24), (128, 128, 128))
((7, 25), (128, 128, 128))
((7, 26), (128, 128, 128))
((7, 27), (128, 128, 128))
((7, 28), (64, 64, 64))
((7, 29), (0, 0, 255))
((7, 30), (128, 128, 128))
((7, 31), (128, 128, 128))
((7, 32), (128, 128, 128))
((7, 33), (128, 128, 128))
((7, 34), (128, 128, 128))
((7, 35), (64, 64, 64))
((7, 36), (64, 64, 64))
((7, 37), (64, 64, 64))
((7, 38), (64, 64, 64))
((7, 39), (64, 64, 64))
((7, 40), (64, 64, 64))
((7, 41), (64, 64, 64))
((8, 0), (64, 64, 64))
((8, 1), (128, 128, 128))
((8, 2), (128, 128, 128))
((8, 3), (128, 128, 128))
((8, 4), (128, 128, 128))
((8, 5), (128, 128, 128))
((8, 6), (128, 128, 128))
((8, 7), (128, 128, 128))
((8, 8), (128, 128, 128))
((8, 9), (128, 128, 128))
((8, 10), (128, 128, 128))
((8, 11), (128, 128, 128))
((8, 12), (128, 128, 128))
((8, 13), (128, 128, 128))
((8, 14), (128, 128, 128))
((8, 15), (64, 64, 64))
((8, 16), (0, 0, 255))
((8, 17), (0, 0, 255))
((8, 18), (0, 0, 255))
((8, 19), (128, 128, 128))
((8, 20), (255, 0, 0))
((8, 21), (255, 0, 0))
((8, 22), (255, 0, 0))
((8, 23), (128, 128, 128))
((8, 24), (128, 128, 128))
((8, 25), (128, 128, 128))
((8, 26), (128, 128, 128))
((8, 27), (128, 128, 128))
((8, 28), (64, 64, 64))
((8, 29), (255, 0, 0))
((8, 30), (255, 0, 0))
((8, 31), (255, 0, 0))
((8, 32), (255, 0, 0))
((8, 33), (255, 0, 0))
((8, 34), (128, 128, 128))
((8, 35), (128, 128, 128))
((8, 36), (128, 128, 128))
((8, 37), (128, 128, 128))
((8, 38), (128, 128, 128))
((8, 39), (128, 128, 128))
((8, 40), (128, 128, 128))
((8, 41), (64, 64, 64))
((9, 0), (64, 64, 64))
((9, 1), (64, 64, 64))
((9, 2), (64, 64, 64))
((9, 3), (64, 64, 64))
((9, 4), (64, 64, 64))
((9, 5), (64, 64, 64))
((9, 6), (64, 64, 64))
((9, 7), (64, 64, 64))
((9, 8), (64, 64, 64))
((9, 9), (64, 64, 64))
((9, 10), (64, 64, 64))
((9, 11), (64, 64, 64))
((9, 12), (64, 64, 64))
((9, 13), (64, 64, 64))
((9, 14), (64, 64, 64))
((9, 15), (64, 64, 64))
((9, 16), (0, 0, 255))
((9, 17), (0, 0, 255))
((9, 18), (0, 0, 255))
((9, 19), (128, 128, 128))
((9, 20), (255, 0, 0))
((9, 21), (255, 0, 0))
((9, 22), (255, 0, 0))
((9, 23), (128, 128, 128))
((9, 24), (128, 128, 128))
((9, 25), (128, 128, 128))
((9, 26), (128, 128, 128))
((9, 27), (128, 128, 128))
((9, 28), (64, 64, 64))
((9, 29), (255, 0, 0))
((9, 30), (255, 0, 0))
((9, 31), (255, 0, 0))
((9, 32), (255, 0, 0))
((9, 33), (255, 0, 0))
((9, 34), (128, 128, 128))
((9, 35), (128, 128, 128))
((9, 36), (128, 128, 128))
((9, 37), (128, 128, 128))
((9, 38), (128, 128, 128))
((9, 39), (128, 128, 128))
((9, 40), (128, 128, 128))
((9, 41), (64, 64, 64))
((10, 0), (64, 64, 64))
((10, 1), (128, 128, 128))
((10, 2), (128, 128, 128))
((10, 3), (128, 128, 128))
((10, 4), (128, 128, 128))
((10, 5), (128, 128, 128))
((10, 6), (128, 128, 128))
((10, 7), (128, 128, 128))
((10, 8), (128, 128, 128))
((10, 9), (128, 128, 128))
((10, 10), (128, 128, 128))
((10, 11), (128, 128, 128))
((10, 12), (128, 128, 128))
((10, 13), (128, 128, 128))
((10, 14), (128, 128, 128))
((10, 15), (128, 128, 128))
((10, 16), (0, 0, 255))
((10, 17), (0, 0, 255))
((10, 18), (0, 0, 255))
((10, 19), (128, 128, 128))
((10, 20), (255, 0, 0))
((10, 21), (255, 0, 0))
((10, 22), (255, 0, 0))
((10, 23), (128, 128, 128))
((10, 24), (128, 128, 128))
((10, 25), (128, 128, 128))
((10, 26), (128, 128, 128))
((10, 27), (128, 128, 128))
((10, 28), (64, 64, 64))
((10, 29), (255, 0, 0))
((10, 30), (255, 0, 0))
((10, 31), (255, 0, 0))
((10, 32), (255, 0, 0))
((10, 33), (255, 0, 0))
((10, 34), (128, 128, 128))
((10, 35), (128, 128, 128))
((10, 36), (128, 128, 128))
((10, 37), (128, 128, 128))
((10, 38), (128, 128, 128))
((10, 39), (128, 128, 128))
((10, 40), (128, 128, 128))
((10, 41), (64, 64, 64))
((11, 0), (64, 64, 64))
((11, 1), (128, 128, 128))
((11, 2), (128, 128, 128))
((11, 3), (128, 128, 128))
((11, 4), (128, 128, 128))
((11, 5), (128, 128, 128))
((11, 6), (128, 128, 128))
((11, 7), (128, 128, 128))
((11, 8), (128, 128, 128))
((11, 9), (128, 128, 128))
((11, 10), (128, 128, 128))
((11, 11), (128, 128, 128))
((11, 12), (128, 128, 128))
((11, 13), (128, 128, 128))
((11, 14), (128, 128, 128))
((11, 15), (128, 128, 128))
((11, 16), (128, 128, 128))
((11, 17), (128, 128, 128))
((11, 18), (128, 128, 128))
((11, 19), (128, 128, 128))
((11, 20), (128, 128, 128))
((11, 21), (128, 128, 128))
((11, 22), (128, 128, 128))
((11, 23), (128, 128, 128))
((11, 24), (128, 128, 128))
((11, 25), (128, 128, 128))
((11, 26), (128, 128, 128))
((11, 27), (128, 128, 128))
((11, 28), (64, 64, 64))
((11, 29), (128, 128, 128))
((11, 30), (128, 128, 128))
((11, 31), (128, 128, 128))
((11, 32), (128, 128, 128))
((11, 33), (128, 128, 128))
((11, 34), (128, 128, 128))
((11, 35), (128, 128, 128))
((11, 36), (128, 128, 128))
((11, 37), (128, 128, 128))
((11, 38), (128, 128, 128))
((11, 39), (128, 128, 128))
((11, 40), (128, 128, 128))
((11, 41), (64, 64, 64))
((12, 0), (64, 64, 64))
((12, 1), (128, 128, 128))
((12, 2), (128, 128, 128))
((12, 3), (128, 128, 128))
((12, 4), (128, 128, 128))
((12, 5), (255, 0, 0))
((12, 6), (255, 0, 0))
((12, 7), (255, 0, 0))
((12, 8), (255, 0, 0))
((12, 9), (255, 0, 0))
((12, 10), (255, 0, 0))
((12, 11), (255, 0, 0))
((12, 12), (255, 0, 0))
((12, 13), (255, 0, 0))
((12, 14), (255, 0, 0))
((12, 15), (255, 0, 0))
((12, 16), (128, 128, 128))
((12, 17), (128, 128, 128))
((12, 18), (128, 128, 128))
((12, 19), (0, 0, 255))
((12, 20), (0, 0, 255))
((12, 21), (0, 0, 255))
((12, 22), (0, 0, 255))
((12, 23), (0, 0, 255))
((12, 24), (0, 0, 255))
((12, 25), (128, 128, 128))
((12, 26), (128, 128, 128))
((12, 27), (128, 128, 128))
((12, 28), (64, 64, 64))
((12, 29), (64, 64, 64))
((12, 30), (64, 64, 64))
((12, 31), (255, 165, 0))
((12, 32), (64, 64, 64))
((12, 33), (64, 64, 64))
((12, 34), (64, 64, 64))
((12, 35), (64, 64, 64))
((12, 36), (64, 64, 64))
((12, 37), (64, 64, 64))
((12, 38), (64, 64, 64))
((12, 39), (64, 64, 64))
((12, 40), (64, 64, 64))
((12, 41), (64, 64, 64))
((13, 0), (64, 64, 64))
((13, 1), (128, 128, 128))
((13, 2), (128, 128, 128))
((13, 3), (128, 128, 128))
((13, 4), (128, 128, 128))
((13, 5), (255, 0, 0))
((13, 6), (255, 0, 0))
((13, 7), (255, 0, 0))
((13, 8), (255, 0, 0))
((13, 9), (255, 0, 0))
((13, 10), (255, 0, 0))
((13, 11), (255, 0, 0))
((13, 12), (255, 0, 0))
((13, 13), (255, 0, 0))
((13, 14), (255, 0, 0))
((13, 15), (255, 0, 0))
((13, 16), (128, 128, 128))
((13, 17), (128, 128, 128))
((13, 18), (128, 128, 128))
((13, 19), (128, 128, 128))
((13, 20), (128, 128, 128))
((13, 21), (128, 128, 128))
((13, 22), (0, 0, 255))
((13, 23), (0, 0, 255))
((13, 24), (0, 0, 255))
((13, 25), (0, 0, 255))
((13, 26), (128, 128, 128))
((13, 27), (128, 128, 128))
((13, 28), (128, 128, 128))
((13, 29), (128, 128, 128))
((13, 30), (128, 128, 128))
((13, 31), (128, 128, 128))
((13, 32), (128, 128, 128))
((13, 33), (128, 128, 128))
((13, 34), (128, 128, 128))
((13, 35), (128, 128, 128))
((13, 36), (128, 128, 128))
((13, 37), (128, 128, 128))
((13, 38), (128, 128, 128))
((13, 39), (128, 128, 128))
((13, 40), (128, 128, 128))
((13, 41), (64, 64, 64))
((14, 0), (64, 64, 64))
((14, 1), (64, 64, 64))
((14, 2), (64, 64, 64))
((14, 3), (255, 165, 0))
((14, 4), (64, 64, 64))
((14, 5), (64, 64, 64))
((14, 6), (64, 64, 64))
((14, 7), (64, 64, 64))
((14, 8), (64, 64, 64))
((14, 9), (64, 64, 64))
((14, 10), (64, 64, 64))
((14, 11), (64, 64, 64))
((14, 12), (64, 64, 64))
((14, 13), (64, 64, 64))
((14, 14), (64, 64, 64))
((14, 15), (64, 64, 64))
((14, 16), (64, 64, 64))
((14, 17), (64, 64, 64))
((14, 18), (64, 64, 64))
((14, 19), (64, 64, 64))
((14, 20), (128, 128, 128))
((14, 21), (128, 128, 128))
((14, 22), (128, 128, 128))
((14, 23), (128, 128, 128))
((14, 24), (128, 128, 128))
((14, 25), (0, 0, 255))
((14, 26), (0, 0, 255))
((14, 27), (0, 0, 255))
((14, 28), (0, 0, 255))
((14, 29), (0, 0, 255))
((14, 30), (0, 0, 255))
((14, 31), (0, 0, 255))
((14, 32), (128, 128, 128))
((14, 33), (128, 128, 128))
((14, 34), (128, 128, 128))
((14, 35), (128, 128, 128))
((14, 36), (128, 128, 128))
((14, 37), (128, 128, 128))
((14, 38), (128, 128, 128))
((14, 39), (128, 128, 128))
((14, 40), (128, 128, 128))
((14, 41), (64, 64, 64))
((15, 0), (64, 64, 64))
((15, 1), (128, 128, 128))
((15, 2), (128, 128, 128))
((15, 3), (128, 128, 128))
((15, 4), (128, 128, 128))
((15, 5), (0, 0, 255))
((15, 6), (0, 0, 255))
((15, 7), (0, 0, 255))
((15, 8), (128, 128, 128))
((15, 9), (128, 128, 128))
((15, 10), (128, 128, 128))
((15, 11), (128, 128, 128))
((15, 12), (128, 128, 128))
((15, 13), (128, 128, 128))
((15, 14), (128, 128, 128))
((15, 15), (128, 128, 128))
((15, 16), (128, 128, 128))
((15, 17), (128, 128, 128))
((15, 18), (128, 128, 128))
((15, 19), (64, 64, 64))
((15, 20), (128, 128, 128))
((15, 21), (128, 128, 128))
((15, 22), (128, 128, 128))
((15, 23), (128, 128, 128))
((15, 24), (128, 128, 128))
((15, 25), (128, 128, 128))
((15, 26), (128, 128, 128))
((15, 27), (128, 128, 128))
((15, 28), (128, 128, 128))
((15, 29), (128, 128, 128))
((15, 30), (128, 128, 128))
((15, 31), (128, 128, 128))
((15, 32), (128, 128, 128))
((15, 33), (128, 128, 128))
((15, 34), (128, 128, 128))
((15, 35), (128, 128, 128))
((15, 36), (128, 128, 128))
((15, 37), (128, 128, 128))
((15, 38), (128, 128, 128))
((15, 39), (128, 128, 128))
((15, 40), (128, 128, 128))
((15, 41), (64, 64, 64))
((16, 0), (64, 64, 64))
((16, 1), (128, 128, 128))
((16, 2), (128, 128, 128))
((16, 3), (128, 128, 128))
((16, 4), (128, 128, 128))
((16, 5), (128, 128, 128))
((16, 6), (128, 128, 128))
((16, 7), (128, 128, 128))
((16, 8), (128, 128, 128))
((16, 9), (128, 128, 128))
((16, 10), (0, 0, 255))
((16, 11), (0, 0, 255))
((16, 12), (0, 0, 255))
((16, 13), (0, 0, 255))
((16, 14), (0, 0, 255))
((16, 15), (128, 128, 128))
((16, 16), (128, 128, 128))
((16, 17), (128, 128, 128))
((16, 18), (128, 128, 128))
((16, 19), (64, 64, 64))
((16, 20), (255, 0, 0))
((16, 21), (255, 0, 0))
((16, 22), (255, 0, 0))
((16, 23), (255, 0, 0))
((16, 24), (64, 64, 64))
((16, 25), (64, 64, 64))
((16, 26), (64, 64, 64))
((16, 27), (64, 64, 64))
((16, 28), (64, 64, 64))
((16, 29), (64, 64, 64))
((16, 30), (64, 64, 64))
((16, 31), (64, 64, 64))
((16, 32), (64, 64, 64))
((16, 33), (64, 64, 64))
((16, 34), (64, 64, 64))
((16, 35), (64, 64, 64))
((16, 36), (64, 64, 64))
((16, 37), (64, 64, 64))
((16, 38), (64, 64, 64))
((16, 39), (64, 64, 64))
((16, 40), (255, 165, 0))
((16, 41), (64, 64, 64))
((17, 0), (64, 64, 64))
((17, 1), (128, 128, 128))
((17, 2), (128, 128, 128))
((17, 3), (128, 128, 128))
((17, 4), (255, 0, 0))
((17, 5), (255, 0, 0))
((17, 6), (255, 0, 0))
((17, 7), (255, 0, 0))
((17, 8), (255, 0, 0))
((17, 9), (255, 0, 0))
((17, 10), (255, 0, 0))
((17, 11), (255, 0, 0))
((17, 12), (255, 0, 0))
((17, 13), (255, 0, 0))
((17, 14), (255, 0, 0))
((17, 15), (255, 0, 0))
((17, 16), (255, 0, 0))
((17, 17), (128, 128, 128))
((17, 18), (128, 128, 128))
((17, 19), (64, 64, 64))
((17, 20), (255, 0, 0))
((17, 21), (255, 0, 0))
((17, 22), (255, 0, 0))
((17, 23), (255, 0, 0))
((17, 24), (64, 64, 64))
((17, 25), (0, 0, 255))
((17, 26), (128, 128, 128))
((17, 27), (128, 128, 128))
((17, 28), (128, 128, 128))
((17, 29), (128, 128, 128))
((17, 30), (128, 128, 128))
((17, 31), (128, 128, 128))
((17, 32), (128, 128, 128))
((17, 33), (128, 128, 128))
((17, 34), (128, 128, 128))
((17, 35), (128, 128, 128))
((17, 36), (128, 128, 128))
((17, 37), (128, 128, 128))
((17, 38), (64, 64, 64))
((17, 39), (128, 128, 128))
((17, 40), (128, 128, 128))
((17, 41), (64, 64, 64))
((18, 0), (64, 64, 64))
((18, 1), (128, 128, 128))
((18, 2), (128, 128, 128))
((18, 3), (128, 128, 128))
((18, 4), (0, 0, 255))
((18, 5), (0, 0, 255))
((18, 6), (0, 0, 255))
((18, 7), (0, 0, 255))
((18, 8), (128, 128, 128))
((18, 9), (128, 128, 128))
((18, 10), (128, 128, 128))
((18, 11), (128, 128, 128))
((18, 12), (128, 128, 128))
((18, 13), (0, 0, 255))
((18, 14), (0, 0, 255))
((18, 15), (128, 128, 128))
((18, 16), (128, 128, 128))
((18, 17), (128, 128, 128))
((18, 18), (128, 128, 128))
((18, 19), (64, 64, 64))
((18, 20), (255, 0, 0))
((18, 21), (255, 0, 0))
((18, 22), (255, 0, 0))
((18, 23), (255, 0, 0))
((18, 24), (64, 64, 64))
((18, 25), (128, 128, 128))
((18, 26), (0, 0, 255))
((18, 27), (128, 128, 128))
((18, 28), (128, 128, 128))
((18, 29), (128, 128, 128))
((18, 30), (128, 128, 128))
((18, 31), (128, 128, 128))
((18, 32), (128, 128, 128))
((18, 33), (128, 128, 128))
((18, 34), (128, 128, 128))
((18, 35), (128, 128, 128))
((18, 36), (128, 128, 128))
((18, 37), (64, 64, 64))
((18, 38), (255, 0, 0))
((18, 39), (128, 128, 128))
((18, 40), (128, 128, 128))
((18, 41), (64, 64, 64))
((19, 0), (64, 64, 64))
((19, 1), (128, 128, 128))
((19, 2), (128, 128, 128))
((19, 3), (128, 128, 128))
((19, 4), (0, 0, 255))
((19, 5), (0, 0, 255))
((19, 6), (0, 0, 255))
((19, 7), (0, 0, 255))
((19, 8), (128, 128, 128))
((19, 9), (128, 128, 128))
((19, 10), (128, 128, 128))
((19, 11), (128, 128, 128))
((19, 12), (128, 128, 128))
((19, 13), (0, 0, 255))
((19, 14), (0, 0, 255))
((19, 15), (128, 128, 128))
((19, 16), (128, 128, 128))
((19, 17), (128, 128, 128))
((19, 18), (128, 128, 128))
((19, 19), (64, 64, 64))
((19, 20), (128, 128, 128))
((19, 21), (128, 128, 128))
((19, 22), (128, 128, 128))
((19, 23), (128, 128, 128))
((19, 24), (64, 64, 64))
((19, 25), (128, 128, 128))
((19, 26), (128, 128, 128))
((19, 27), (0, 0, 255))
((19, 28), (0, 0, 255))
((19, 29), (0, 0, 255))
((19, 30), (128, 128, 128))
((19, 31), (128, 128, 128))
((19, 32), (128, 128, 128))
((19, 33), (128, 128, 128))
((19, 34), (128, 128, 128))
((19, 35), (128, 128, 128))
((19, 36), (64, 64, 64))
((19, 37), (255, 0, 0))
((19, 38), (255, 0, 0))
((19, 39), (128, 128, 128))
((19, 40), (128, 128, 128))
((19, 41), (64, 64, 64))
((20, 0), (64, 64, 64))
((20, 1), (64, 64, 64))
((20, 2), (64, 64, 64))
((20, 3), (64, 64, 64))
((20, 4), (64, 64, 64))
((20, 5), (64, 64, 64))
((20, 6), (64, 64, 64))
((20, 7), (64, 64, 64))
((20, 8), (64, 64, 64))
((20, 9), (128, 128, 128))
((20, 10), (128, 128, 128))
((20, 11), (128, 128, 128))
((20, 12), (128, 128, 128))
((20, 13), (0, 0, 255))
((20, 14), (0, 0, 255))
((20, 15), (128, 128, 128))
((20, 16), (128, 128, 128))
((20, 17), (128, 128, 128))
((20, 18), (128, 128, 128))
((20, 19), (64, 64, 64))
((20, 20), (128, 128, 128))
((20, 21), (128, 128, 128))
((20, 22), (128, 128, 128))
((20, 23), (128, 128, 128))
((20, 24), (64, 64, 64))
((20, 25), (128, 128, 128))
((20, 26), (128, 128, 128))
((20, 27), (0, 0, 255))
((20, 28), (0, 0, 255))
((20, 29), (0, 0, 255))
((20, 30), (128, 128, 128))
((20, 31), (128, 128, 128))
((20, 32), (128, 128, 128))
((20, 33), (128, 128, 128))
((20, 34), (128, 128, 128))
((20, 35), (64, 64, 64))
((20, 36), (255, 0, 0))
((20, 37), (255, 0, 0))
((20, 38), (255, 0, 0))
((20, 39), (128, 128, 128))
((20, 40), (128, 128, 128))
((20, 41), (64, 64, 64))
((21, 0), (64, 64, 64))
((21, 1), (128, 128, 128))
((21, 2), (128, 128, 128))
((21, 3), (128, 128, 128))
((21, 4), (128, 128, 128))
((21, 5), (128, 128, 128))
((21, 6), (128, 128, 128))
((21, 7), (128, 128, 128))
((21, 8), (64, 64, 64))
((21, 9), (128, 128, 128))
((21, 10), (128, 128, 128))
((21, 11), (128, 128, 128))
((21, 12), (128, 128, 128))
((21, 13), (0, 0, 255))
((21, 14), (0, 0, 255))
((21, 15), (128, 128, 128))
((21, 16), (128, 128, 128))
((21, 17), (128, 128, 128))
((21, 18), (128, 128, 128))
((21, 19), (64, 64, 64))
((21, 20), (128, 128, 128))
((21, 21), (128, 128, 128))
((21, 22), (128, 128, 128))
((21, 23), (128, 128, 128))
((21, 24), (64, 64, 64))
((21, 25), (128, 128, 128))
((21, 26), (128, 128, 128))
((21, 27), (0, 0, 255))
((21, 28), (0, 0, 255))
((21, 29), (0, 0, 255))
((21, 30), (128, 128, 128))
((21, 31), (128, 128, 128))
((21, 32), (128, 128, 128))
((21, 33), (128, 128, 128))
((21, 34), (64, 64, 64))
((21, 35), (255, 0, 0))
((21, 36), (255, 0, 0))
((21, 37), (255, 0, 0))
((21, 38), (128, 128, 128))
((21, 39), (128, 128, 128))
((21, 40), (128, 128, 128))
((21, 41), (64, 64, 64))
((22, 0), (64, 64, 64))
((22, 1), (128, 128, 128))
((22, 2), (128, 128, 128))
((22, 3), (128, 128, 128))
((22, 4), (128, 128, 128))
((22, 5), (128, 128, 128))
((22, 6), (128, 128, 128))
((22, 7), (128, 128, 128))
((22, 8), (64, 64, 64))
((22, 9), (128, 128, 128))
((22, 10), (128, 128, 128))
((22, 11), (128, 128, 128))
((22, 12), (128, 128, 128))
((22, 13), (128, 128, 128))
((22, 14), (128, 128, 128))
((22, 15), (128, 128, 128))
((22, 16), (128, 128, 128))
((22, 17), (128, 128, 128))
((22, 18), (128, 128, 128))
((22, 19), (64, 64, 64))
((22, 20), (128, 128, 128))
((22, 21), (128, 128, 128))
((22, 22), (128, 128, 128))
((22, 23), (128, 128, 128))
((22, 24), (64, 64, 64))
((22, 25), (128, 128, 128))
((22, 26), (128, 128, 128))
((22, 27), (0, 0, 255))
((22, 28), (0, 0, 255))
((22, 29), (0, 0, 255))
((22, 30), (128, 128, 128))
((22, 31), (128, 128, 128))
((22, 32), (128, 128, 128))
((22, 33), (64, 64, 64))
((22, 34), (255, 0, 0))
((22, 35), (255, 0, 0))
((22, 36), (255, 0, 0))
((22, 37), (128, 128, 128))
((22, 38), (128, 128, 128))
((22, 39), (128, 128, 128))
((22, 40), (128, 128, 128))
((22, 41), (64, 64, 64))
((23, 0), (64, 64, 64))
((23, 1), (128, 128, 128))
((23, 2), (128, 128, 128))
((23, 3), (128, 128, 128))
((23, 4), (128, 128, 128))
((23, 5), (128, 128, 128))
((23, 6), (128, 128, 128))
((23, 7), (128, 128, 128))
((23, 8), (64, 64, 64))
((23, 9), (128, 128, 128))
((23, 10), (128, 128, 128))
((23, 11), (128, 128, 128))
((23, 12), (128, 128, 128))
((23, 13), (128, 128, 128))
((23, 14), (128, 128, 128))
((23, 15), (128, 128, 128))
((23, 16), (128, 128, 128))
((23, 17), (128, 128, 128))
((23, 18), (128, 128, 128))
((23, 19), (64, 64, 64))
((23, 20), (128, 128, 128))
((23, 21), (128, 128, 128))
((23, 22), (128, 128, 128))
((23, 23), (128, 128, 128))
((23, 24), (255, 165, 0))
((23, 25), (128, 128, 128))
((23, 26), (128, 128, 128))
((23, 27), (0, 0, 255))
((23, 28), (0, 0, 255))
((23, 29), (0, 0, 255))
((23, 30), (128, 128, 128))
((23, 31), (128, 128, 128))
((23, 32), (64, 64, 64))
((23, 33), (255, 0, 0))
((23, 34), (255, 0, 0))
((23, 35), (255, 0, 0))
((23, 36), (255, 0, 0))
((23, 37), (128, 128, 128))
((23, 38), (128, 128, 128))
((23, 39), (128, 128, 128))
((23, 40), (128, 128, 128))
((23, 41), (64, 64, 64))
((24, 0), (64, 64, 64))
((24, 1), (128, 128, 128))
((24, 2), (128, 128, 128))
((24, 3), (128, 128, 128))
((24, 4), (128, 128, 128))
((24, 5), (128, 128, 128))
((24, 6), (128, 128, 128))
((24, 7), (128, 128, 128))
((24, 8), (64, 64, 64))
((24, 9), (64, 64, 64))
((24, 10), (64, 64, 64))
((24, 11), (64, 64, 64))
((24, 12), (64, 64, 64))
((24, 13), (64, 64, 64))
((24, 14), (64, 64, 64))
((24, 15), (64, 64, 64))
((24, 16), (64, 64, 64))
((24, 17), (64, 64, 64))
((24, 18), (64, 64, 64))
((24, 19), (64, 64, 64))
((24, 20), (128, 128, 128))
((24, 21), (128, 128, 128))
((24, 22), (128, 128, 128))
((24, 23), (128, 128, 128))
((24, 24), (64, 64, 64))
((24, 25), (128, 128, 128))
((24, 26), (128, 128, 128))
((24, 27), (0, 0, 255))
((24, 28), (128, 128, 128))
((24, 29), (128, 128, 128))
((24, 30), (128, 128, 128))
((24, 31), (64, 64, 64))
((24, 32), (255, 0, 0))
((24, 33), (255, 0, 0))
((24, 34), (255, 0, 0))
((24, 35), (255, 0, 0))
((24, 36), (128, 128, 128))
((24, 37), (128, 128, 128))
((24, 38), (128, 128, 128))
((24, 39), (128, 128, 128))
((24, 40), (128, 128, 128))
((24, 41), (64, 64, 64))
((25, 0), (64, 64, 64))
((25, 1), (128, 128, 128))
((25, 2), (128, 128, 128))
((25, 3), (128, 128, 128))
((25, 4), (128, 128, 128))
((25, 5), (128, 128, 128))
((25, 6), (128, 128, 128))
((25, 7), (128, 128, 128))
((25, 8), (128, 128, 128))
((25, 9), (128, 128, 128))
((25, 10), (128, 128, 128))
((25, 11), (128, 128, 128))
((25, 12), (255, 0, 0))
((25, 13), (255, 0, 0))
((25, 14), (255, 0, 0))
((25, 15), (255, 0, 0))
((25, 16), (255, 0, 0))
((25, 17), (128, 128, 128))
((25, 18), (128, 128, 128))
((25, 19), (128, 128, 128))
((25, 20), (128, 128, 128))
((25, 21), (128, 128, 128))
((25, 22), (128, 128, 128))
((25, 23), (128, 128, 128))
((25, 24), (64, 64, 64))
((25, 25), (128, 128, 128))
((25, 26), (128, 128, 128))
((25, 27), (0, 0, 255))
((25, 28), (128, 128, 128))
((25, 29), (128, 128, 128))
((25, 30), (64, 64, 64))
((25, 31), (255, 0, 0))
((25, 32), (255, 0, 0))
((25, 33), (255, 0, 0))
((25, 34), (255, 0, 0))
((25, 35), (255, 0, 0))
((25, 36), (128, 128, 128))
((25, 37), (128, 128, 128))
((25, 38), (128, 128, 128))
((25, 39), (128, 128, 128))
((25, 40), (128, 128, 128))
((25, 41), (64, 64, 64))
((26, 0), (64, 64, 64))
((26, 1), (128, 128, 128))
((26, 2), (0, 0, 255))
((26, 3), (0, 0, 255))
((26, 4), (0, 0, 255))
((26, 5), (0, 0, 255))
((26, 6), (0, 0, 255))
((26, 7), (128, 128, 128))
((26, 8), (128, 128, 128))
((26, 9), (128, 128, 128))
((26, 10), (128, 128, 128))
((26, 11), (128, 128, 128))
((26, 12), (255, 0, 0))
((26, 13), (255, 0, 0))
((26, 14), (255, 0, 0))
((26, 15), (255, 0, 0))
((26, 16), (255, 0, 0))
((26, 17), (128, 128, 128))
((26, 18), (128, 128, 128))
((26, 19), (128, 128, 128))
((26, 20), (128, 128, 128))
((26, 21), (128, 128, 128))
((26, 22), (128, 128, 128))
((26, 23), (128, 128, 128))
((26, 24), (64, 64, 64))
((26, 25), (128, 128, 128))
((26, 26), (128, 128, 128))
((26, 27), (0, 0, 255))
((26, 28), (128, 128, 128))
((26, 29), (128, 128, 128))
((26, 30), (64, 64, 64))
((26, 31), (255, 0, 0))
((26, 32), (255, 0, 0))
((26, 33), (255, 0, 0))
((26, 34), (128, 128, 128))
((26, 35), (128, 128, 128))
((26, 36), (128, 128, 128))
((26, 37), (128, 128, 128))
((26, 38), (128, 128, 128))
((26, 39), (128, 128, 128))
((26, 40), (128, 128, 128))
((26, 41), (64, 64, 64))
((27, 0), (64, 64, 64))
((27, 1), (128, 128, 128))
((27, 2), (0, 0, 255))
((27, 3), (0, 0, 255))
((27, 4), (0, 0, 255))
((27, 5), (0, 0, 255))
((27, 6), (0, 0, 255))
((27, 7), (255, 0, 0))
((27, 8), (255, 0, 0))
((27, 9), (255, 0, 0))
((27, 10), (255, 0, 0))
((27, 11), (255, 0, 0))
((27, 12), (255, 0, 0))
((27, 13), (255, 0, 0))
((27, 14), (255, 0, 0))
((27, 15), (128, 128, 128))
((27, 16), (128, 128, 128))
((27, 17), (128, 128, 128))
((27, 18), (128, 128, 128))
((27, 19), (128, 128, 128))
((27, 20), (128, 128, 128))
((27, 21), (128, 128, 128))
((27, 22), (128, 128, 128))
((27, 23), (128, 128, 128))
((27, 24), (64, 64, 64))
((27, 25), (128, 128, 128))
((27, 26), (128, 128, 128))
((27, 27), (0, 0, 255))
((27, 28), (128, 128, 128))
((27, 29), (128, 128, 128))
((27, 30), (64, 64, 64))
((27, 31), (255, 0, 0))
((27, 32), (255, 0, 0))
((27, 33), (128, 128, 128))
((27, 34), (128, 128, 128))
((27, 35), (128, 128, 128))
((27, 36), (128, 128, 128))
((27, 37), (128, 128, 128))
((27, 38), (128, 128, 128))
((27, 39), (128, 128, 128))
((27, 40), (128, 128, 128))
((27, 41), (64, 64, 64))
((28, 0), (64, 64, 64))
((28, 1), (128, 128, 128))
((28, 2), (0, 0, 255))
((28, 3), (0, 0, 255))
((28, 4), (0, 0, 255))
((28, 5), (0, 0, 255))
((28, 6), (0, 0, 255))
((28, 7), (255, 0, 0))
((28, 8), (255, 0, 0))
((28, 9), (255, 0, 0))
((28, 10), (64, 64, 64))
((28, 11), (64, 64, 64))
((28, 12), (64, 64, 64))
((28, 13), (64, 64, 64))
((28, 14), (64, 64, 64))
((28, 15), (128, 128, 128))
((28, 16), (128, 128, 128))
((28, 17), (128, 128, 128))
((28, 18), (128, 128, 128))
((28, 19), (128, 128, 128))
((28, 20), (128, 128, 128))
((28, 21), (128, 128, 128))
((28, 22), (128, 128, 128))
((28, 23), (128, 128, 128))
((28, 24), (64, 64, 64))
((28, 25), (128, 128, 128))
((28, 26), (128, 128, 128))
((28, 27), (128, 128, 128))
((28, 28), (128, 128, 128))
((28, 29), (128, 128, 128))
((28, 30), (64, 64, 64))
((28, 31), (255, 0, 0))
((28, 32), (255, 0, 0))
((28, 33), (128, 128, 128))
((28, 34), (0, 0, 255))
((28, 35), (0, 0, 255))
((28, 36), (0, 0, 255))
((28, 37), (0, 0, 255))
((28, 38), (128, 128, 128))
((28, 39), (128, 128, 128))
((28, 40), (128, 128, 128))
((28, 41), (64, 64, 64))
((29, 0), (64, 64, 64))
((29, 1), (128, 128, 128))
((29, 2), (128, 128, 128))
((29, 3), (128, 128, 128))
((29, 4), (128, 128, 128))
((29, 5), (128, 128, 128))
((29, 6), (255, 0, 0))
((29, 7), (255, 0, 0))
((29, 8), (128, 128, 128))
((29, 9), (64, 64, 64))
((29, 10), (128, 128, 128))
((29, 11), (128, 128, 128))
((29, 12), (128, 128, 128))
((29, 13), (128, 128, 128))
((29, 14), (64, 64, 64))
((29, 15), (128, 128, 128))
((29, 16), (128, 128, 128))
((29, 17), (128, 128, 128))
((29, 18), (128, 128, 128))
((29, 19), (0, 0, 255))
((29, 20), (128, 128, 128))
((29, 21), (128, 128, 128))
((29, 22), (255, 0, 0))
((29, 23), (128, 128, 128))
((29, 24), (64, 64, 64))
((29, 25), (128, 128, 128))
((29, 26), (128, 128, 128))
((29, 27), (128, 128, 128))
((29, 28), (128, 128, 128))
((29, 29), (128, 128, 128))
((29, 30), (64, 64, 64))
((29, 31), (255, 0, 0))
((29, 32), (255, 0, 0))
((29, 33), (128, 128, 128))
((29, 34), (0, 0, 255))
((29, 35), (0, 0, 255))
((29, 36), (0, 0, 255))
((29, 37), (0, 0, 255))
((29, 38), (128, 128, 128))
((29, 39), (128, 128, 128))
((29, 40), (128, 128, 128))
((29, 41), (64, 64, 64))
((30, 0), (64, 64, 64))
((30, 1), (0, 0, 255))
((30, 2), (0, 0, 255))
((30, 3), (0, 0, 255))
((30, 4), (0, 0, 255))
((30, 5), (128, 128, 128))
((30, 6), (128, 128, 128))
((30, 7), (128, 128, 128))
((30, 8), (64, 64, 64))
((30, 9), (128, 128, 128))
((30, 10), (128, 128, 128))
((30, 11), (128, 128, 128))
((30, 12), (128, 128, 128))
((30, 13), (128, 128, 128))
((30, 14), (64, 64, 64))
((30, 15), (128, 128, 128))
((30, 16), (128, 128, 128))
((30, 17), (128, 128, 128))
((30, 18), (128, 128, 128))
((30, 19), (0, 0, 255))
((30, 20), (128, 128, 128))
((30, 21), (128, 128, 128))
((30, 22), (255, 0, 0))
((30, 23), (128, 128, 128))
((30, 24), (64, 64, 64))
((30, 25), (128, 128, 128))
((30, 26), (128, 128, 128))
((30, 27), (128, 128, 128))
((30, 28), (128, 128, 128))
((30, 29), (128, 128, 128))
((30, 30), (64, 64, 64))
((30, 31), (255, 0, 0))
((30, 32), (255, 0, 0))
((30, 33), (128, 128, 128))
((30, 34), (0, 0, 255))
((30, 35), (0, 0, 255))
((30, 36), (0, 0, 255))
((30, 37), (0, 0, 255))
((30, 38), (128, 128, 128))
((30, 39), (128, 128, 128))
((30, 40), (128, 128, 128))
((30, 41), (64, 64, 64))
((31, 0), (64, 64, 64))
((31, 1), (0, 0, 255))
((31, 2), (0, 0, 255))
((31, 3), (0, 0, 255))
((31, 4), (128, 128, 128))
((31, 5), (128, 128, 128))
((31, 6), (64, 64, 64))
((31, 7), (64, 64, 64))
((31, 8), (128, 128, 128))
((31, 9), (128, 128, 128))
((31, 10), (128, 128, 128))
((31, 11), (128, 128, 128))
((31, 12), (128, 128, 128))
((31, 13), (128, 128, 128))
((31, 14), (64, 64, 64))
((31, 15), (128, 128, 128))
((31, 16), (255, 0, 0))
((31, 17), (255, 0, 0))
((31, 18), (255, 0, 0))
((31, 19), (0, 0, 255))
((31, 20), (255, 0, 0))
((31, 21), (255, 0, 0))
((31, 22), (255, 0, 0))
((31, 23), (128, 128, 128))
((31, 24), (64, 64, 64))
((31, 25), (128, 128, 128))
((31, 26), (128, 128, 128))
((31, 27), (128, 128, 128))
((31, 28), (128, 128, 128))
((31, 29), (128, 128, 128))
((31, 30), (64, 64, 64))
((31, 31), (255, 0, 0))
((31, 32), (255, 0, 0))
((31, 33), (128, 128, 128))
((31, 34), (0, 0, 255))
((31, 35), (0, 0, 255))
((31, 36), (0, 0, 255))
((31, 37), (0, 0, 255))
((31, 38), (128, 128, 128))
((31, 39), (128, 128, 128))
((31, 40), (128, 128, 128))
((31, 41), (64, 64, 64))
((32, 0), (64, 64, 64))
((32, 1), (128, 128, 128))
((32, 2), (128, 128, 128))
((32, 3), (128, 128, 128))
((32, 4), (128, 128, 128))
((32, 5), (64, 64, 64))
((32, 6), (128, 128, 128))
((32, 7), (128, 128, 128))
((32, 8), (255, 0, 0))
((32, 9), (255, 0, 0))
((32, 10), (255, 0, 0))
((32, 11), (128, 128, 128))
((32, 12), (128, 128, 128))
((32, 13), (128, 128, 128))
((32, 14), (64, 64, 64))
((32, 15), (128, 128, 128))
((32, 16), (128, 128, 128))
((32, 17), (128, 128, 128))
((32, 18), (128, 128, 128))
((32, 19), (128, 128, 128))
((32, 20), (128, 128, 128))
((32, 21), (128, 128, 128))
((32, 22), (255, 0, 0))
((32, 23), (128, 128, 128))
((32, 24), (64, 64, 64))
((32, 25), (64, 64, 64))
((32, 26), (64, 64, 64))
((32, 27), (64, 64, 64))
((32, 28), (64, 64, 64))
((32, 29), (64, 64, 64))
((32, 30), (64, 64, 64))
((32, 31), (255, 0, 0))
((32, 32), (255, 0, 0))
((32, 33), (128, 128, 128))
((32, 34), (128, 128, 128))
((32, 35), (128, 128, 128))
((32, 36), (128, 128, 128))
((32, 37), (255, 0, 0))
((32, 38), (255, 0, 0))
((32, 39), (64, 64, 64))
((32, 40), (255, 165, 0))
((32, 41), (64, 64, 64))
((33, 0), (64, 64, 64))
((33, 1), (128, 128, 128))
((33, 2), (128, 128, 128))
((33, 3), (128, 128, 128))
((33, 4), (64, 64, 64))
((33, 5), (128, 128, 128))
((33, 6), (128, 128, 128))
((33, 7), (128, 128, 128))
((33, 8), (255, 0, 0))
((33, 9), (255, 0, 0))
((33, 10), (255, 0, 0))
((33, 11), (128, 128, 128))
((33, 12), (128, 128, 128))
((33, 13), (128, 128, 128))
((33, 14), (64, 64, 64))
((33, 15), (255, 0, 0))
((33, 16), (255, 0, 0))
((33, 17), (255, 0, 0))
((33, 18), (255, 0, 0))
((33, 19), (255, 0, 0))
((33, 20), (128, 128, 128))
((33, 21), (128, 128, 128))
((33, 22), (255, 0, 0))
((33, 23), (255, 0, 0))
((33, 24), (255, 0, 0))
((33, 25), (255, 0, 0))
((33, 26), (255, 0, 0))
((33, 27), (255, 0, 0))
((33, 28), (255, 0, 0))
((33, 29), (255, 0, 0))
((33, 30), (255, 0, 0))
((33, 31), (255, 0, 0))
((33, 32), (255, 0, 0))
((33, 33), (128, 128, 128))
((33, 34), (128, 128, 128))
((33, 35), (128, 128, 128))
((33, 36), (255, 0, 0))
((33, 37), (255, 0, 0))
((33, 38), (64, 64, 64))
((33, 39), (128, 128, 128))
((33, 40), (128, 128, 128))
((33, 41), (64, 64, 64))
((34, 0), (64, 64, 64))
((34, 1), (64, 64, 64))
((34, 2), (255, 165, 0))
((34, 3), (64, 64, 64))
((34, 4), (128, 128, 128))
((34, 5), (128, 128, 128))
((34, 6), (128, 128, 128))
((34, 7), (128, 128, 128))
((34, 8), (255, 0, 0))
((34, 9), (255, 0, 0))
((34, 10), (255, 0, 0))
((34, 11), (128, 128, 128))
((34, 12), (128, 128, 128))
((34, 13), (128, 128, 128))
((34, 14), (64, 64, 64))
((34, 15), (128, 128, 128))
((34, 16), (128, 128, 128))
((34, 17), (128, 128, 128))
((34, 18), (128, 128, 128))
((34, 19), (128, 128, 128))
((34, 20), (128, 128, 128))
((34, 21), (128, 128, 128))
((34, 22), (255, 0, 0))
((34, 23), (128, 128, 128))
((34, 24), (128, 128, 128))
((34, 25), (128, 128, 128))
((34, 26), (128, 128, 128))
((34, 27), (128, 128, 128))
((34, 28), (128, 128, 128))
((34, 29), (128, 128, 128))
((34, 30), (128, 128, 128))
((34, 31), (128, 128, 128))
((34, 32), (128, 128, 128))
((34, 33), (128, 128, 128))
((34, 34), (128, 128, 128))
((34, 35), (255, 0, 0))
((34, 36), (255, 0, 0))
((34, 37), (64, 64, 64))
((34, 38), (128, 128, 128))
((34, 39), (128, 128, 128))
((34, 40), (128, 128, 128))
((34, 41), (64, 64, 64))
((35, 0), (64, 64, 64))
((35, 1), (128, 128, 128))
((35, 2), (128, 128, 128))
((35, 3), (128, 128, 128))
((35, 4), (128, 128, 128))
((35, 5), (0, 0, 255))
((35, 6), (0, 0, 255))
((35, 7), (0, 0, 255))
((35, 8), (255, 0, 0))
((35, 9), (255, 0, 0))
((35, 10), (255, 0, 0))
((35, 11), (128, 128, 128))
((35, 12), (128, 128, 128))
((35, 13), (128, 128, 128))
((35, 14), (64, 64, 64))
((35, 15), (0, 0, 255))
((35, 16), (0, 0, 255))
((35, 17), (0, 0, 255))
((35, 18), (128, 128, 128))
((35, 19), (255, 0, 0))
((35, 20), (255, 0, 0))
((35, 21), (255, 0, 0))
((35, 22), (255, 0, 0))
((35, 23), (128, 128, 128))
((35, 24), (128, 128, 128))
((35, 25), (128, 128, 128))
((35, 26), (128, 128, 128))
((35, 27), (128, 128, 128))
((35, 28), (128, 128, 128))
((35, 29), (128, 128, 128))
((35, 30), (128, 128, 128))
((35, 31), (128, 128, 128))
((35, 32), (128, 128, 128))
((35, 33), (255, 0, 0))
((35, 34), (255, 0, 0))
((35, 35), (255, 0, 0))
((35, 36), (64, 64, 64))
((35, 37), (128, 128, 128))
((35, 38), (128, 128, 128))
((35, 39), (128, 128, 128))
((35, 40), (128, 128, 128))
((35, 41), (64, 64, 64))
((36, 0), (64, 64, 64))
((36, 1), (128, 128, 128))
((36, 2), (128, 128, 128))
((36, 3), (128, 128, 128))
((36, 4), (128, 128, 128))
((36, 5), (0, 0, 255))
((36, 6), (0, 0, 255))
((36, 7), (0, 0, 255))
((36, 8), (128, 128, 128))
((36, 9), (128, 128, 128))
((36, 10), (128, 128, 128))
((36, 11), (128, 128, 128))
((36, 12), (128, 128, 128))
((36, 13), (128, 128, 128))
((36, 14), (64, 64, 64))
((36, 15), (0, 0, 255))
((36, 16), (0, 0, 255))
((36, 17), (0, 0, 255))
((36, 18), (128, 128, 128))
((36, 19), (128, 128, 128))
((36, 20), (128, 128, 128))
((36, 21), (128, 128, 128))
((36, 22), (255, 0, 0))
((36, 23), (0, 0, 255))
((36, 24), (0, 0, 255))
((36, 25), (0, 0, 255))
((36, 26), (0, 0, 255))
((36, 27), (128, 128, 128))
((36, 28), (128, 128, 128))
((36, 29), (128, 128, 128))
((36, 30), (128, 128, 128))
((36, 31), (128, 128, 128))
((36, 32), (255, 0, 0))
((36, 33), (255, 0, 0))
((36, 34), (255, 0, 0))
((36, 35), (64, 64, 64))
((36, 36), (128, 128, 128))
((36, 37), (128, 128, 128))
((36, 38), (0, 0, 255))
((36, 39), (0, 0, 255))
((36, 40), (0, 0, 255))
((36, 41), (64, 64, 64))
((37, 0), (64, 64, 64))
((37, 1), (64, 64, 64))
((37, 2), (64, 64, 64))
((37, 3), (64, 64, 64))
((37, 4), (64, 64, 64))
((37, 5), (0, 0, 255))
((37, 6), (0, 0, 255))
((37, 7), (0, 0, 255))
((37, 8), (64, 64, 64))
((37, 9), (64, 64, 64))
((37, 10), (64, 64, 64))
((37, 11), (64, 64, 64))
((37, 12), (64, 64, 64))
((37, 13), (64, 64, 64))
((37, 14), (64, 64, 64))
((37, 15), (0, 0, 255))
((37, 16), (0, 0, 255))
((37, 17), (0, 0, 255))
((37, 18), (128, 128, 128))
((37, 19), (128, 128, 128))
((37, 20), (128, 128, 128))
((37, 21), (128, 128, 128))
((37, 22), (255, 0, 0))
((37, 23), (128, 128, 128))
((37, 24), (128, 128, 128))
((37, 25), (0, 0, 255))
((37, 26), (128, 128, 128))
((37, 27), (128, 128, 128))
((37, 28), (255, 0, 0))
((37, 29), (255, 0, 0))
((37, 30), (255, 0, 0))
((37, 31), (255, 0, 0))
((37, 32), (255, 0, 0))
((37, 33), (255, 0, 0))
((37, 34), (64, 64, 64))
((37, 35), (128, 128, 128))
((37, 36), (128, 128, 128))
((37, 37), (128, 128, 128))
((37, 38), (0, 0, 255))
((37, 39), (0, 0, 255))
((37, 40), (0, 0, 255))
((37, 41), (64, 64, 64))
((38, 0), (64, 64, 64))
((38, 1), (128, 128, 128))
((38, 2), (128, 128, 128))
((38, 3), (128, 128, 128))
((38, 4), (128, 128, 128))
((38, 5), (128, 128, 128))
((38, 6), (128, 128, 128))
((38, 7), (128, 128, 128))
((38, 8), (128, 128, 128))
((38, 9), (128, 128, 128))
((38, 10), (128, 128, 128))
((38, 11), (128, 128, 128))
((38, 12), (128, 128, 128))
((38, 13), (128, 128, 128))
((38, 14), (128, 128, 128))
((38, 15), (0, 0, 255))
((38, 16), (0, 0, 255))
((38, 17), (0, 0, 255))
((38, 18), (128, 128, 128))
((38, 19), (128, 128, 128))
((38, 20), (128, 128, 128))
((38, 21), (128, 128, 128))
((38, 22), (255, 0, 0))
((38, 23), (128, 128, 128))
((38, 24), (128, 128, 128))
((38, 25), (0, 0, 255))
((38, 26), (128, 128, 128))
((38, 27), (128, 128, 128))
((38, 28), (255, 0, 0))
((38, 29), (255, 0, 0))
((38, 30), (255, 0, 0))
((38, 31), (255, 0, 0))
((38, 32), (255, 0, 0))
((38, 33), (64, 64, 64))
((38, 34), (128, 128, 128))
((38, 35), (128, 128, 128))
((38, 36), (128, 128, 128))
((38, 37), (128, 128, 128))
((38, 38), (0, 0, 255))
((38, 39), (0, 0, 255))
((38, 40), (0, 0, 255))
((38, 41), (64, 64, 64))
((39, 0), (64, 64, 64))
((39, 1), (128, 128, 128))
((39, 2), (128, 128, 128))
((39, 3), (128, 128, 128))
((39, 4), (128, 128, 128))
((39, 5), (128, 128, 128))
((39, 6), (128, 128, 128))
((39, 7), (128, 128, 128))
((39, 8), (128, 128, 128))
((39, 9), (128, 128, 128))
((39, 10), (128, 128, 128))
((39, 11), (128, 128, 128))
((39, 12), (128, 128, 128))
((39, 13), (128, 128, 128))
((39, 14), (128, 128, 128))
((39, 15), (0, 0, 255))
((39, 16), (0, 0, 255))
((39, 17), (0, 0, 255))
((39, 18), (128, 128, 128))
((39, 19), (128, 128, 128))
((39, 20), (128, 128, 128))
((39, 21), (128, 128, 128))
((39, 22), (128, 128, 128))
((39, 23), (128, 128, 128))
((39, 24), (128, 128, 128))
((39, 25), (0, 0, 255))
((39, 26), (128, 128, 128))
((39, 27), (128, 128, 128))
((39, 28), (255, 0, 0))
((39, 29), (255, 0, 0))
((39, 30), (255, 0, 0))
((39, 31), (255, 0, 0))
((39, 32), (64, 64, 64))
((39, 33), (128, 128, 128))
((39, 34), (128, 128, 128))
((39, 35), (128, 128, 128))
((39, 36), (128, 128, 128))
((39, 37), (128, 128, 128))
((39, 38), (128, 128, 128))
((39, 39), (128, 128, 128))
((39, 40), (128, 128, 128))
((39, 41), (64, 64, 64))
((40, 0), (64, 64, 64))
((40, 1), (128, 128, 128))
((40, 2), (128, 128, 128))
((40, 3), (128, 128, 128))
((40, 4), (128, 128, 128))
((40, 5), (128, 128, 128))
((40, 6), (128, 128, 128))
((40, 7), (128, 128, 128))
((40, 8), (128, 128, 128))
((40, 9), (128, 128, 128))
((40, 10), (128, 128, 128))
((40, 11), (128, 128, 128))
((40, 12), (128, 128, 128))
((40, 13), (128, 128, 128))
((40, 14), (128, 128, 128))
((40, 15), (128, 128, 128))
((40, 16), (128, 128, 128))
((40, 17), (128, 128, 128))
((40, 18), (128, 128, 128))
((40, 19), (128, 128, 128))
((40, 20), (128, 128, 128))
((40, 21), (128, 128, 128))
((40, 22), (128, 128, 128))
((40, 23), (128, 128, 128))
((40, 24), (128, 128, 128))
((40, 25), (128, 128, 128))
((40, 26), (128, 128, 128))
((40, 27), (128, 128, 128))
((40, 28), (255, 0, 0))
((40, 29), (255, 0, 0))
((40, 30), (255, 0, 0))
((40, 31), (255, 0, 0))
((40, 32), (255, 165, 0))
((40, 33), (128, 128, 128))
((40, 34), (128, 128, 128))
((40, 35), (128, 128, 128))
((40, 36), (128, 128, 128))
((40, 37), (128, 128, 128))
((40, 38), (128, 128, 128))
((40, 39), (128, 128, 128))
((40, 40), (128, 128, 128))
((40, 41), (64, 64, 64))
((41, 0), (64, 64, 64))
((41, 1), (64, 64, 64))
((41, 2), (64, 64, 64))
((41, 3), (64, 64, 64))
((41, 4), (64, 64, 64))
((41, 5), (64, 64, 64))
((41, 6), (64, 64, 64))
((41, 7), (64, 64, 64))
((41, 8), (64, 64, 64))
((41, 9), (64, 64, 64))
((41, 10), (64, 64, 64))
((41, 11), (64, 64, 64))
((41, 12), (64, 64, 64))
((41, 13), (64, 64, 64))
((41, 14), (64, 64, 64))
((41, 15), (64, 64, 64))
((41, 16), (64, 64, 64))
((41, 17), (64, 64, 64))
((41, 18), (64, 64, 64))
((41, 19), (64, 64, 64))
((41, 20), (64, 64, 64))
((41, 21), (64, 64, 64))
((41, 22), (64, 64, 64))
((41, 23), (64, 64, 64))
((41, 24), (64, 64, 64))
((41, 25), (64, 64, 64))
((41, 26), (64, 64, 64))
((41, 27), (64, 64, 64))
((41, 28), (64, 64, 64))
((41, 29), (64, 64, 64))
((41, 30), (64, 64, 64))
((41, 31), (64, 64, 64))
((41, 32), (255, 165, 0))
((41, 33), (64, 64, 64))
((41, 34), (64, 64, 64))
((41, 35), (64, 64, 64))
((41, 36), (64, 64, 64))
((41, 37), (64, 64, 64))
((41, 38), (64, 64, 64))
((41, 39), (64, 64, 64))
((41, 40), (255, 165, 0))
((41, 41), (64, 64, 64))
